0 14 1
1 20 2
1 21 1
2 14 1
3 0 2
4 7 3
5 0 1
5 2 1
6 0 1
6 11 1
6 24 1
7 0 1
8 36 1
9 7 2
9 11 2
9 13 1
9 20 1
9 22 1
9 31 2
10 2 1
10 6 1
10 7 2
10 31 2
11 13 1
11 17 1
12 4 1
12 13 1
13 4 1
14 6 1
14 8 2
14 13 1
14 16 2
14 24 1
15 16 1
15 17 1
16 6 1
16 11 1
16 16 1
16 17 1
16 20 1
16 22 2
17 6 3
18 6 1
18 22 1
19 6 1
19 13 1
20 8 2
21 9 2
22 10 3
23 10 1
24 11 2
25 11 1
25 13 1
25 24 1
26 11 1
26 20 1
26 31 1
27 20 1
27 21 1
27 24 3
28 24 2
29 24 2